1 0 0 0 0 1 0 0 0 0 1 0
0.999998 -0.0017698 0.000861217 -0.0150375 0.00176798 0.999996 0.00210768 -0.0205791 -0.000864943 -0.00210616 0.999997 0.999675
0.999997 -0.00202532 0.00104915 -0.0248881 0.00202326 0.999996 0.00195871 -0.0334631 -0.00105311 -0.00195658 0.999998 1.9928
0.999995 -0.00305356 -7.9927e-06 0.0199828 0.00305357 0.999995 0.00123897 -0.0784801 4.2094e-06 -0.00123898 0.999999 3.07783
0.999992 -0.00388392 -0.000186361 0.015822 0.00388419 0.999991 0.00146353 -0.0966243 0.000180675 -0.00146424 0.999999 4.16348
0.99999 -0.00437654 -0.000988656 0.068966 0.00437915 0.999987 0.00265362 -0.112461 0.000977029 -0.00265792 0.999996 5.19278
0.999981 -0.0060311 -0.00103383 0.0715619 0.00603515 0.999974 0.00395821 -0.134875 0.00100993 -0.00396437 0.999992 6.23504
0.99998 -0.00631899 -0.000837957 0.0174723 0.00632277 0.999969 0.00458497 -0.147053 0.00080896 -0.00459017 0.999989 7.3502
0.999989 -0.00462676 -0.00125766 0.00038708 0.00463039 0.999985 0.00289279 -0.176522 0.00124426 -0.00289858 0.999995 8.45482
0.999997 -0.00200703 -0.00122374 -0.017928 0.00200795 0.999998 0.000753656 -0.194279 0.00122223 -0.000756111 0.999999 9.5226
0.999997 0.0020027 -0.00113416 -0.0114949 -0.00200335 0.999998 -0.000566116 -0.203827 0.00113303 0.000568386 0.999999 10.5065
0.99999 0.00451228 -0.000711951 -0.0480791 -0.00451272 0.99999 -0.000619917 -0.223091 0.000709147 0.000623123 1 11.5715
0.999985 0.00544007 -0.000937363 -0.0405972 -0.00543955 0.999985 0.000563955 -0.252693 0.000940417 -0.000558848 0.999999 12.6309
0.999983 -0.00586398 -0.000632867 -0.10087 0.00586665 0.999973 0.00431228 -0.379854 0.000607563 -0.00431592 0.999991 13.6467
0.999967 -0.00814284 -0.000409731 -0.108159 0.00814519 0.999948 0.0061095 -0.362925 0.000359962 -0.00611263 0.999981 14.8027
0.999931 -0.0117388 -0.000803847 -0.0817053 0.011742 0.999923 0.00408551 -0.373311 0.000755826 -0.00409467 0.999991 15.3277
0.999894 -0.014404 -0.0021087 0.0233961 0.0144069 0.999895 0.00135989 -0.316371 0.0020889 -0.00139013 0.999997 16.4968
0.999921 -0.0124331 -0.00194136 0.024781 0.0124335 0.999923 0.000184296 -0.369756 0.00193892 -0.000208419 0.999998 17.6526
0.999898 -0.0142152 -0.00120025 -0.0128957 0.0142188 0.999894 0.00300838 -0.476291 0.00115735 -0.00302514 0.999995 18.8424
0.999916 -0.0129044 -0.00122802 0.0262143 0.0129117 0.999898 0.00613148 -0.434128 0.00114877 -0.00614682 0.99998 19.9302
0.999869 -0.0161572 -0.000568415 -0.0138319 0.0161614 0.999836 0.00822747 -0.460312 0.000435389 -0.00823558 0.999966 21.0768
0.999806 -0.0196768 -0.000644733 -0.0497357 0.0196805 0.999786 0.00632668 -0.485297 0.000520107 -0.00633814 0.99998 22.2365
0.999753 -0.022195 -0.00058831 -0.0857944 0.0221974 0.999744 0.00437615 -0.505775 0.000491031 -0.00438813 0.99999 23.2613
0.999705 -0.0242792 0.000324162 -0.115636 0.0242786 0.999704 0.0017636 -0.493258 -0.000366885 -0.00175521 0.999998 24.4543
0.999828 -0.0184921 0.00125994 -0.149644 0.0184907 0.999828 0.00111487 -0.541209 -0.00128034 -0.00109138 0.999999 25.6171
0.999833 -0.018221 0.00159483 -0.136001 0.0182225 0.999833 -0.000967754 -0.537661 -0.00157693 0.000996654 0.999998 26.5328
0.999844 -0.0176038 0.00158714 -0.148643 0.0176045 0.999845 -0.000383782 -0.563918 -0.00158014 0.000411662 0.999999 27.6031
0.999881 -0.0153392 0.00154278 -0.137048 0.0153372 0.999882 0.0012971 -0.622992 -0.00156249 -0.00127328 0.999998 28.5929
0.999922 -0.0124223 0.00106405 -0.115078 0.0124189 0.999918 0.00308046 -0.66725 -0.00110222 -0.00306701 0.999995 29.6507
0.999925 -0.0120777 0.00201367 -0.217637 0.0120714 0.999922 0.00310808 -0.652277 -0.00205106 -0.00308354 0.999993 30.7973
0.999962 -0.0084962 0.00187527 -0.1795 0.00849086 0.99996 0.00283497 -0.702735 -0.00189928 -0.00281894 0.999994 31.938
0.999989 -0.00416753 0.00207708 -0.188834 0.00416152 0.999987 0.00289337 -0.732868 -0.00208911 -0.00288469 0.999994 33.0349
0.999994 -0.00267402 0.00227131 -0.219457 0.00266636 0.999991 0.00336948 -0.781442 -0.0022803 -0.0033634 0.999992 34.1388
0.99999 -0.00404002 0.00207406 -0.244279 0.0040333 0.999987 0.00323418 -0.791097 -0.0020871 -0.00322578 0.999993 35.2647
0.999988 -0.00419877 0.00234828 -0.304555 0.00419172 0.999987 0.0029984 -0.826368 -0.00236084 -0.00298852 0.999993 36.4194
0.999993 -0.00332483 0.00198274 -0.327174 0.00331746 0.999988 0.00370821 -0.894407 -0.00199505 -0.0037016 0.999991 37.4604
0.999998 -0.000736623 0.00161531 -0.352795 0.000729642 0.99999 0.00431837 -0.863027 -0.00161848 -0.00431719 0.999989 38.2286
0.999998 -0.00187412 0.000886489 -0.379045 0.00187036 0.999989 0.00422182 -0.895056 -0.000894392 -0.00422016 0.999991 39.3132
0.999999 -0.00124408 -0.000298347 -0.371674 0.00124549 0.999988 0.00479341 -0.913063 0.00029238 -0.00479377 0.999988 40.278
0.999999 0.00012619 -0.00144913 -0.379672 -0.000117614 0.999982 0.0059167 -0.94644 0.00144985 -0.00591652 0.999981 41.6205
0.999997 -0.00112907 -0.00237652 -0.365533 0.00114616 0.999973 0.00720531 -0.989498 0.00236832 -0.00720801 0.999971 42.7408
0.999995 -0.0006144 -0.00306404 -0.35289 0.000636415 0.999974 0.00718909 -1.01128 0.00305955 -0.00719101 0.999969 43.8917
0.999984 -0.00464098 -0.0032049 -0.389657 0.00466212 0.999967 0.0066203 -1.00338 0.00317407 -0.00663514 0.999973 44.8799
0.999977 -0.00572646 -0.00369685 -0.37137 0.00575284 0.999958 0.00716663 -1.05534 0.00365566 -0.00718774 0.999967 46.1489
0.999972 -0.00683285 -0.0030801 -0.390779 0.00685665 0.999946 0.0077845 -1.07485 0.00302674 -0.0078054 0.999965 47.3393
0.999949 -0.00973832 -0.00259901 -0.429151 0.00976141 0.999912 0.00902275 -1.12828 0.00251092 -0.00904766 0.999956 48.5016
0.999932 -0.0114404 -0.00222942 -0.415011 0.0114598 0.999895 0.00888938 -1.16029 0.00212749 -0.00891433 0.999958 49.6396
0.999925 -0.0119666 -0.00269773 -0.369593 0.0119873 0.999898 0.00779249 -1.18277 0.0026042 -0.00782424 0.999966 50.8717
0.999947 -0.0101442 -0.0014537 -0.398062 0.0101548 0.999921 0.00744489 -1.20269 0.00137806 -0.00745926 0.999971 51.9356
0.999961 -0.00881436 -0.000884544 -0.385016 0.00882055 0.999935 0.00725443 -1.22612 0.000820543 -0.00726195 0.999973 53.0384
0.999963 -0.00864119 -0.000453525 -0.421008 0.00864478 0.999925 0.00862353 -1.24953 0.000378974 -0.00862713 0.999963 54.1021
0.99999 -0.00438264 0.000434071 -0.430118 0.00437816 0.999942 0.0098322 -1.26512 -0.000477137 -0.00983021 0.999952 55.2394
1 2.71491e-05 0.000933005 -0.424024 -3.67242e-05 0.999947 0.0102641 -1.28255 -0.000932677 -0.0102641 0.999947 56.3495
0.999996 0.00246738 0.00142921 -0.429997 -0.00248281 0.999937 0.0109024 -1.35755 -0.00140222 -0.0109059 0.99994 57.3961
0.999992 0.00311457 0.00233081 -0.460747 -0.00313926 0.999938 0.0106635 -1.39324 -0.00229745 -0.0106707 0.99994 58.4065
0.999973 0.00672043 0.0029767 -0.46155 -0.00675139 0.999922 0.0105168 -1.39687 -0.00290579 -0.0105366 0.99994 59.356
0.99996 0.00827573 0.00338541 -0.451061 -0.0083132 0.999903 0.0112089 -1.44975 -0.00329232 -0.0112366 0.999931 60.3998
0.999965 0.00768154 0.00317514 -0.444895 -0.00771607 0.99991 0.0110087 -1.46925 -0.00309029 -0.0110329 0.999934 61.3778
0.999962 0.0080221 0.00326486 -0.438094 -0.00805457 0.999917 0.0100569 -1.47989 -0.00318391 -0.0100828 0.999944 62.2443
0.999962 0.00813392 0.00316124 -0.451777 -0.00816452 0.999919 0.00978913 -1.48438 -0.00308136 -0.00981457 0.999947 63.258
0.999963 0.00812754 0.00294529 -0.457144 -0.00815668 0.999917 0.0100204 -1.51076 -0.0028636 -0.010044 0.999945 64.2021
0.999969 0.00738503 0.00289363 -0.47693 -0.00741303 0.999925 0.00978945 -1.52135 -0.00282112 -0.00981059 0.999948 65.1277
0.999967 0.00799311 0.00173353 -0.470823 -0.00800994 0.999919 0.00993179 -1.52894 -0.001654 -0.00994534 0.999949 66.1385
0.999979 0.00628264 0.00154137 -0.515663 -0.00629935 0.999919 0.0110875 -1.54142 -0.00147159 -0.011097 0.999937 67.0332
0.999991 0.00422271 0.00011607 -0.504532 -0.00422381 0.999918 0.0120979 -1.5566 -6.49749e-05 -0.0120982 0.999927 67.9566
1 -7.75851e-05 -0.000456405 -0.540851 8.33963e-05 0.999919 0.0127463 -1.55538 0.000455379 -0.0127464 0.999919 68.8277
0.999999 -0.00112865 -0.000484098 -0.555982 0.00113495 0.999912 0.0132192 -1.5987 0.000469135 -0.0132197 0.999913 69.7472
0.999998 -0.00150874 -0.000916548 -0.55812 0.00152053 0.999914 0.0129965 -1.61347 0.000896861 -0.0129979 0.999915 70.6606
0.999997 -0.00217876 -0.00100346 -0.562877 0.00219106 0.99992 0.0124279 -1.61926 0.000976306 -0.0124301 0.999922 71.5714
0.999996 -0.00262634 -0.00109029 -0.568066 0.00263939 0.999923 0.0121478 -1.63473 0.0010583 -0.0121506 0.999926 72.4017
0.999997 -0.00239881 -0.000860438 -0.574082 0.00240864 0.99993 0.0116124 -1.64987 0.000832521 -0.0116145 0.999932 73.2841
0.999999 -0.00116096 -0.00119775 -0.563066 0.00117425 0.999937 0.0111589 -1.67031 0.00118472 -0.0111603 0.999937 74.2162
0.999999 -0.000280434 -0.00101897 -0.565935 0.000291671 0.999939 0.011045 -1.65724 0.00101581 -0.0110453 0.999938 75.1277
0.999998 -0.00169003 -0.000698115 -0.592688 0.00169879 0.999917 0.0127394 -1.65705 0.000676527 -0.0127406 0.999919 75.9084
1 0.000476702 -0.000462507 -0.595541 -0.000470177 0.999902 0.0140083 -1.66841 0.000469139 -0.014008 0.999902 76.8035
0.999999 0.00154806 -0.00049187 -0.594242 -0.0015417 0.999918 0.0126842 -1.6871 0.000511466 -0.0126834 0.999919 77.747
0.999997 -0.00250371 -0.000325848 -0.623797 0.00250699 0.999942 0.0104724 -1.67453 0.000299609 -0.0104732 0.999945 78.4956
0.999995 -0.00310558 -0.000349836 -0.626088 0.00310865 0.999953 0.00913037 -1.66635 0.000321465 -0.00913142 0.999958 79.3206
0.999993 -0.00371735 0.000260475 -0.658006 0.00371436 0.999936 0.0106595 -1.7087 -0.000300084 -0.0106585 0.999943 80.175
0.999985 -0.00538866 0.000557791 -0.63939 0.00538121 0.999906 0.0125953 -1.73744 -0.00062561 -0.0125921 0.999921 81.0897
0.999966 -0.00808195 0.00143785 -0.639759 0.00806223 0.99988 0.0132321 -1.7479 -0.00154462 -0.0132201 0.999911 81.935
0.999959 -0.00877227 0.0023453 -0.638704 0.00874296 0.999887 0.012225 -1.77367 -0.00245228 -0.012204 0.999923 82.7028
0.999976 -0.00596676 0.00351656 -0.655524 0.00593179 0.999934 0.00987379 -1.78129 -0.00357524 -0.0098527 0.999945 83.4552
0.999979 -0.00466711 0.00453934 -0.642498 0.00463222 0.99996 0.00766691 -1.78412 -0.00457494 -0.00764572 0.99996 84.3636
0.999981 0.000222239 0.00620388 -0.63945 -0.000268683 0.999972 0.00748646 -1.7908 -0.00620204 -0.00748799 0.999953 85.0816
0.999968 0.000872922 0.00799813 -0.634399 -0.000951994 0.999951 0.0098878 -1.80609 -0.0079891 -0.0098951 0.999919 85.8414
0.999955 0.000446619 0.0094432 -0.662935 -0.000561207 0.999926 0.0121353 -1.81045 -0.00943708 -0.0121401 0.999882 86.6
0.999947 0.000741298 0.0102438 -0.655228 -0.000871813 0.999918 0.0127423 -1.82405 -0.0102335 -0.0127506 0.999866 87.3688
0.999933 0.00150765 0.0114442 -0.651584 -0.00164622 0.999925 0.0121078 -1.8265 -0.0114251 -0.0121259 0.999861 88.1305
0.999916 0.00242242 0.0127019 -0.663944 -0.00256937 0.99993 0.0115655 -1.83045 -0.012673 -0.0115972 0.999852 88.9591
0.999887 0.00461725 0.0142738 -0.663065 -0.00477567 0.999927 0.0110842 -1.832 -0.0142216 -0.0111511 0.999837 89.7064
0.999869 0.00594819 0.0150339 -0.631895 -0.00609913 0.999931 0.0100145 -1.84718 -0.0149733 -0.0101049 0.999837 90.4804
0.999836 0.0073565 0.0165562 -0.629371 -0.00751413 0.999927 0.00947927 -1.86327 -0.0164853 -0.00960212 0.999818 91.2765
0.999822 0.00688954 0.0175781 -0.615363 -0.0070478 0.999935 0.00895733 -1.859 -0.0175152 -0.00907962 0.999805 92.0709
0.999809 0.00618786 0.018547 -0.614439 -0.00638014 0.999926 0.0103261 -1.87882 -0.0184817 -0.0104425 0.999775 92.8763
0.999793 0.00573106 0.0195468 -0.589403 -0.00595553 0.999917 0.0114453 -1.89653 -0.0194795 -0.0115594 0.999743 93.6747
0.999794 0.00449843 0.019787 -0.578143 -0.00472893 0.999921 0.0116178 -1.88748 -0.0197331 -0.0117089 0.999737 94.4827
0.999799 0.001787 0.0199925 -0.569719 -0.00202841 0.999925 0.0120609 -1.89973 -0.0199695 -0.012099 0.999727 95.3156
0.999795 0.00018704 0.0202681 -0.570346 -0.000450704 0.999915 0.013005 -1.90844 -0.020264 -0.0130115 0.99971 96.1209
0.999806 -0.00243335 0.0195665 -0.57796 0.0021767 0.999911 0.0131276 -1.93252 -0.0195968 -0.0130825 0.999722 96.9223
0.999817 -0.00492095 0.0184858 -0.576732 0.00466854 0.999896 0.0136725 -1.94185 -0.0185511 -0.0135837 0.999736 97.6768
0.99982 -0.00811707 0.0171745 -0.578357 0.00786606 0.999862 0.0146325 -1.95182 -0.0172909 -0.0144948 0.999745 98.4428
0.999819 -0.00915331 0.0167079 -0.600198 0.00891417 0.999858 0.0143314 -1.93315 -0.0168367 -0.0141798 0.999758 99.1905
0.999809 -0.0117881 0.0156179 -0.617969 0.0115574 0.999824 0.0147835 -1.92894 -0.0157894 -0.0146002 0.999769 99.919
0.999811 -0.0131857 0.0142896 -0.621489 0.0129814 0.999813 0.0142989 -1.93381 -0.0144755 -0.0141107 0.999796 100.686
0.999811 -0.0139249 0.0135961 -0.639584 0.0137279 0.999801 0.0144735 -1.94313 -0.0137949 -0.0142841 0.999803 101.417
0.999764 -0.0174282 0.0129644 -0.654074 0.0172699 0.999776 0.0122251 -1.94263 -0.0131745 -0.0119983 0.999841 102.155
0.999677 -0.0223667 0.0121042 -0.667463 0.0222248 0.999684 0.0117346 -1.94857 -0.0123629 -0.0114618 0.999858 102.908
0.999498 -0.0297288 0.0109383 -0.663095 0.0295772 0.999468 0.0137716 -1.94338 -0.0113418 -0.0134412 0.999845 103.672
0.999228 -0.0379005 0.0103628 -0.699706 0.0377362 0.999166 0.0156126 -1.948 -0.0109458 -0.0152095 0.999824 104.374
0.999075 -0.0420275 0.00906993 -0.692033 0.0419117 0.999042 0.0126007 -1.95589 -0.00959081 -0.0122089 0.999879 105.164
0.999132 -0.0404152 0.0101051 -0.712349 0.0403224 0.999144 0.0092267 -1.95517 -0.0104693 -0.00881123 0.999906 105.923
0.999237 -0.0373873 0.0112657 -0.742722 0.0373078 0.999278 0.00719246 -1.96876 -0.0115265 -0.00676668 0.999911 106.729
0.999236 -0.0376591 0.010447 -0.631813 0.0375812 0.999265 0.00755633 -1.99101 -0.0107239 -0.00715795 0.999917 107.391
0.999152 -0.0398696 0.0102652 -0.588395 0.039757 0.999149 0.0109495 -1.99977 -0.010693 -0.0105321 0.999887 108.116
0.998938 -0.0450322 0.00979046 -0.536865 0.0448945 0.998896 0.0138594 -2.02078 -0.0104038 -0.0134051 0.999856 108.899
0.998879 -0.0463333 0.00974151 -0.537776 0.0461774 0.99881 0.0156618 -2.0737 -0.0104556 -0.0151944 0.99983 109.677
0.998814 -0.0477431 0.00950525 -0.529883 0.0475907 0.998744 0.0156636 -2.07574 -0.0102411 -0.0151927 0.999832 110.366
0.998851 -0.0467993 0.010351 -0.509311 0.0466303 0.998784 0.016004 -2.05837 -0.0110874 -0.0155029 0.999818 111.013
0.999081 -0.0414066 0.0110834 -0.48565 0.041227 0.999022 0.015975 -2.12107 -0.011734 -0.0155033 0.999811 111.691
0.999251 -0.0370239 0.0112316 -0.433402 0.0368699 0.999227 0.0136146 -2.11756 -0.011727 -0.0131903 0.999844 112.278
0.999341 -0.0339134 0.0129182 -0.492056 0.0337321 0.999333 0.0140004 -2.16521 -0.0133844 -0.0135554 0.999819 112.991
0.999433 -0.0309612 0.0132664 -0.473809 0.030764 0.999417 0.014819 -2.15906 -0.0137175 -0.0144025 0.999802 113.577
0.999461 -0.0298461 0.0136968 -0.516222 0.0296445 0.999453 0.0146914 -2.18136 -0.0141278 -0.0142774 0.999798 114.303
0.999595 -0.0250698 0.0134778 -0.511796 0.0249075 0.999617 0.0120826 -2.20499 -0.0137756 -0.011742 0.999836 114.951
0.999688 -0.0208529 0.0137743 -0.533471 0.0207276 0.999743 0.00917275 -2.21422 -0.013962 -0.00888438 0.999863 115.627
0.999779 -0.0157587 0.0138814 -0.538751 0.015646 0.999844 0.00819398 -2.22834 -0.0140084 -0.00797499 0.99987 116.256
0.999867 -0.00902263 0.0136088 -0.511471 0.00889091 0.999913 0.00970839 -2.26099 -0.0136953 -0.0095861 0.99986 116.894
0.999884 -0.0050773 0.0143347 -0.507674 0.00491099 0.99992 0.0116137 -2.28316 -0.0143925 -0.0115419 0.99983 117.549
0.99989 -0.00448438 0.014142 -0.492841 0.00428841 0.999895 0.0138576 -2.2823 -0.0142026 -0.0137954 0.999804 118.176
0.999882 -0.00723559 0.013566 -0.488148 0.00703287 0.999864 0.0149314 -2.30376 -0.0136722 -0.0148343 0.999796 118.847
0.999898 -0.00773854 0.0120198 -0.483244 0.00755646 0.999857 0.0151204 -2.31425 -0.0121351 -0.015028 0.999813 119.454
0.999914 -0.00750142 0.010781 -0.494619 0.00738515 0.999915 0.0107837 -2.31983 -0.010861 -0.0107031 0.999884 120.045
0.999949 -0.0043729 0.0091167 -0.472989 0.00431443 0.99997 0.00642367 -2.3425 -0.00914452 -0.00638401 0.999938 120.747
0.999964 0.000985158 0.00844366 -0.469095 -0.00103196 0.999984 0.00554068 -2.34831 -0.00843806 -0.00554919 0.999949 121.397
0.999934 0.00808498 0.00812936 -0.443189 -0.00813914 0.999945 0.00665145 -2.37783 -0.00807514 -0.00671718 0.999945 122.01
0.999904 0.0107138 0.00883517 -0.458167 -0.0108059 0.999887 0.0104399 -2.39814 -0.00872232 -0.0105344 0.999906 122.531
0.999878 0.0130738 0.00850258 -0.432954 -0.0131807 0.999833 0.0126468 -2.42442 -0.00833582 -0.0127573 0.999884 123.132
0.999894 0.0122804 0.00776924 -0.395119 -0.0123842 0.999833 0.0134544 -2.43343 -0.00760271 -0.0135492 0.999879 123.753
0.9999 0.0117024 0.00790517 -0.394982 -0.0118155 0.999826 0.0144206 -2.45457 -0.00773504 -0.0145125 0.999865 124.375
0.999915 0.00999068 0.00841593 -0.398864 -0.010117 0.999835 0.0151011 -2.46344 -0.00826367 -0.015185 0.999851 124.898
0.999928 0.0084052 0.00853005 -0.380801 -0.00853119 0.999853 0.014843 -2.46693 -0.00840404 -0.0149147 0.999853 125.485
0.999939 0.0065538 0.00892017 -0.371983 -0.00669826 0.999845 0.0162628 -2.49012 -0.00881221 -0.0163215 0.999828 126.101
0.999949 0.00281334 0.00972523 -0.368676 -0.00299263 0.999825 0.0184695 -2.52497 -0.00967157 -0.0184977 0.999782 126.632
0.99995 0.000107806 0.00995741 -0.368165 -0.000288885 0.999835 0.0181857 -2.51719 -0.0099538 -0.0181876 0.999785 127.233
0.999945 0.00367371 0.00979314 -0.341616 -0.00381143 0.999894 0.0140813 -2.53781 -0.00974037 -0.0141178 0.999853 127.791
0.999886 0.011214 0.0100885 -0.333781 -0.0113066 0.999894 0.00917189 -2.54485 -0.00998462 -0.00928491 0.999907 128.465
0.999735 0.0199092 0.011543 -0.342845 -0.0200166 0.999757 0.00926193 -2.55245 -0.0113558 -0.00949053 0.99989 129.038
0.999527 0.0280738 0.0125432 -0.335495 -0.0282354 0.999518 0.0129021 -2.56308 -0.0121749 -0.0132502 0.999838 129.649
0.999549 0.026896 0.0133722 -0.345476 -0.0270986 0.999517 0.0152043 -2.56213 -0.0129568 -0.0155598 0.999795 130.195
0.999541 0.0273086 0.013135 -0.33531 -0.0275092 0.999504 0.0153382 -2.56808 -0.0127096 -0.0156925 0.999796 130.815
0.999618 0.0248128 0.0121501 -0.337133 -0.024998 0.99957 0.0153422 -2.57485 -0.0117642 -0.0156401 0.999808 131.414
0.999653 0.0239154 0.0110059 -0.326134 -0.0240776 0.9996 0.014854 -2.58566 -0.0106463 -0.0151138 0.999829 132.005
0.999672 0.0237579 0.00952054 -0.294408 -0.0238914 0.999614 0.014164 -2.581 -0.00918036 -0.0143868 0.999854 132.537
0.999625 0.0258381 0.00909064 -0.289531 -0.0259659 0.999561 0.0142347 -2.59741 -0.00871885 -0.0144654 0.999857 133.135
0.999527 0.0293158 0.00934171 -0.284143 -0.0294591 0.999444 0.0155923 -2.61485 -0.00887942 -0.0158601 0.999835 133.727
0.999571 0.0278396 0.009114 -0.292592 -0.0279757 0.999494 0.0151622 -2.61559 -0.00868727 -0.0154107 0.999844 134.328
0.999518 0.0298472 0.0085927 -0.273423 -0.0299679 0.999449 0.01429 -2.63354 -0.00816145 -0.0145406 0.999861 134.906
0.999543 0.0290606 0.00829209 -0.262274 -0.0291765 0.999473 0.0142146 -2.63469 -0.00787464 -0.0144501 0.999865 135.446
0.999534 0.0295799 0.0075469 -0.247523 -0.0296822 0.999464 0.0138136 -2.63144 -0.00713425 -0.0140312 0.999876 136.045
0.999486 0.031192 0.00742362 -0.249412 -0.031293 0.999414 0.0138944 -2.65298 -0.00698588 -0.0141195 0.999876 136.631
0.999505 0.030578 0.00741511 -0.256031 -0.030677 0.999436 0.0136383 -2.65069 -0.0069939 -0.013859 0.999879 137.208
0.99946 0.0319973 0.00743708 -0.285076 -0.0320944 0.999396 0.0133191 -2.65871 -0.00700641 -0.0135506 0.999884 137.841
0.999477 0.0315699 0.00696535 -0.268714 -0.0316612 0.999409 0.013411 -2.67226 -0.00653785 -0.0136245 0.999886 138.408
0.999447 0.0326269 0.00646681 -0.261542 -0.0327112 0.999375 0.0133894 -2.66767 -0.00602592 -0.0135935 0.999889 139.011
0.999519 0.0303534 0.00637357 -0.267216 -0.0304373 0.999445 0.0135015 -2.67795 -0.00596022 -0.013689 0.999889 139.601
0.999479 0.0316046 0.00649165 -0.256417 -0.0316873 0.999413 0.0130573 -2.68169 -0.00607516 -0.0132562 0.999894 140.199
0.999504 0.0308026 0.00659338 -0.258108 -0.0308878 0.999435 0.0132344 -2.68084 -0.006182 -0.0134315 0.999891 140.716
0.999569 0.0285651 0.00682898 -0.258658 -0.0286595 0.999489 0.0141526 -2.68723 -0.00642122 -0.0143423 0.999877 141.266
0.999593 0.0278223 0.00635511 -0.25193 -0.0279076 0.999516 0.0137556 -2.67489 -0.00596932 -0.0139274 0.999885 141.838
0.999532 0.0298103 0.00683269 -0.260844 -0.0298997 0.999463 0.0133836 -2.67185 -0.00643005 -0.0135816 0.999887 142.352
0.999488 0.0311598 0.00727867 -0.263655 -0.0312494 0.999433 0.0125291 -2.67234 -0.00688414 -0.0127502 0.999895 142.942
0.999428 0.0330692 0.00705965 -0.244148 -0.0331612 0.999361 0.0133417 -2.6841 -0.00661394 -0.0135682 0.999886 143.538
0.999426 0.0329712 0.00773168 -0.240475 -0.0330876 0.999333 0.0154525 -2.68673 -0.00721704 -0.0156995 0.999851 144.113
0.99951 0.0302426 0.00809689 -0.248246 -0.0303687 0.999412 0.0159378 -2.68792 -0.00761013 -0.0161759 0.99984 144.67
0.999458 0.0317772 0.00859191 -0.239134 -0.0318972 0.99939 0.0141997 -2.68421 -0.00813545 -0.0144661 0.999862 145.201
0.999474 0.0310405 0.00934947 -0.255964 -0.0311612 0.999429 0.0130488 -2.69323 -0.0089391 -0.0133333 0.999871 145.788
0.999483 0.0306841 0.00957783 -0.264563 -0.0308115 0.999435 0.0134508 -2.68886 -0.00915969 -0.013739 0.999864 146.325
0.99948 0.0308334 0.00946808 -0.263911 -0.0309693 0.999414 0.0145548 -2.6957 -0.00901376 -0.0148404 0.999849 146.923
0.999494 0.0304336 0.00926696 -0.251892 -0.0305711 0.999419 0.0150778 -2.68598 -0.0088027 -0.0153535 0.999843 147.23
0.999535 0.0291688 0.00884623 -0.254733 -0.0293024 0.999452 0.0153715 -2.69175 -0.00839302 -0.0156236 0.999843 147.696
0.999518 0.0297709 0.00884847 -0.254717 -0.0299023 0.999439 0.0151074 -2.6783 -0.00839374 -0.0153647 0.999847 148.211
0.999431 0.0324127 0.00933357 -0.253852 -0.0325509 0.999357 0.0150641 -2.67371 -0.0088393 -0.0153593 0.999843 148.591
0.999446 0.031887 0.00952023 -0.258663 -0.0320336 0.999364 0.0156613 -2.67835 -0.00901479 -0.0159576 0.999832 149.062
0.999383 0.0336262 0.0101484 -0.281577 -0.0337854 0.999302 0.0159458 -2.7037 -0.00960508 -0.0162788 0.999821 149.561
0.999514 0.0292662 0.0107468 -0.313849 -0.0294534 0.99941 0.0176918 -2.72877 -0.0102227 -0.0179998 0.999786 149.933
0.999542 0.0280225 0.0113837 -0.317367 -0.0282335 0.999424 0.0188205 -2.74012 -0.0108497 -0.0191333 0.999758 150.303
0.999634 0.0244943 0.0114805 -0.343633 -0.0247066 0.999519 0.0187278 -2.75316 -0.0110162 -0.0190046 0.999759 150.726
0.999634 0.0243959 0.0117224 -0.34547 -0.0246086 0.999529 0.0183595 -2.7664 -0.011269 -0.0186412 0.999763 151.067
0.999615 0.0244297 0.0131758 -0.35991 -0.0246897 0.999496 0.019942 -2.76655 -0.012682 -0.0202596 0.999714 151.458
0.99964 0.022954 0.0139157 -0.355642 -0.0232564 0.999488 0.0219703 -2.77012 -0.0134042 -0.022286 0.999662 151.815
0.999563 0.0257341 0.0145407 -0.354249 -0.0260445 0.999428 0.0215783 -2.78815 -0.0139771 -0.0219475 0.999661 152.199
0.99962 0.0229286 0.0153019 -0.362778 -0.0232529 0.999501 0.021366 -2.79764 -0.0148044 -0.0217137 0.999655 152.564
0.99953 0.0254853 0.01703 -0.381117 -0.0258454 0.99944 0.0212719 -2.80707 -0.0164783 -0.021702 0.999629 152.954
0.999495 0.0261665 0.0180063 -0.388209 -0.0265582 0.999408 0.0218712 -2.8126 -0.0174233 -0.0223384 0.999599 153.276
0.999418 0.0279592 0.0195435 -0.398187 -0.0283754 0.999369 0.021352 -2.80098 -0.0189342 -0.0218941 0.999581 153.625
0.999476 0.0252761 0.020241 -0.404281 -0.0257236 0.999423 0.0221592 -2.81625 -0.0196692 -0.0226683 0.99955 153.965
0.999381 0.0272738 0.0222322 -0.427522 -0.0277743 0.999361 0.0225205 -2.82919 -0.0216038 -0.023124 0.999499 154.217
0.999462 0.0234084 0.0229674 -0.425379 -0.0239302 0.999456 0.0227143 -2.82807 -0.0224232 -0.0232517 0.999478 154.537
0.99937 0.0258223 0.0243603 -0.421943 -0.026356 0.999414 0.0218443 -2.822 -0.023782 -0.0224726 0.999465 154.827
0.999394 0.0219056 0.027067 -0.463617 -0.0225544 0.99946 0.0239009 -2.84485 -0.0265288 -0.0244969 0.999348 155.211
0.99942 0.0180597 0.0288625 -0.487962 -0.0188208 0.999476 0.0263211 -2.85183 -0.028372 -0.0268491 0.999237 155.484
0.999526 0.0112927 0.0286418 -0.470416 -0.0121027 0.999527 0.0282633 -2.86972 -0.0283091 -0.0285965 0.99919 155.746
0.999484 0.0116623 0.0299396 -0.487705 -0.0124566 0.999572 0.0264814 -2.88341 -0.029618 -0.0268407 0.999201 156.057
0.999421 0.0114841 0.032013 -0.529685 -0.0122438 0.999646 0.0236366 -2.86872 -0.0317302 -0.0240149 0.999208 156.332
0.999341 0.0137486 0.0336024 -0.571623 -0.014554 0.99961 0.0238415 -2.87131 -0.0332615 -0.0243148 0.999151 156.724
0.999271 0.0146442 0.0352487 -0.601265 -0.0154635 0.999614 0.0230831 -2.86159 -0.034897 -0.0236113 0.999112 157.033
0.99933 0.00936358 0.0353825 -0.623685 -0.0101691 0.999692 0.0226558 -2.8554 -0.0351595 -0.0230004 0.999117 157.323
0.99927 0.0117933 0.036342 -0.649791 -0.0125881 0.999685 0.0217207 -2.84643 -0.0360744 -0.0221624 0.999103 157.671
0.999311 0.00673867 0.0365073 -0.665407 -0.00752979 0.999739 0.021576 -2.83571 -0.0363524 -0.021836 0.9991 157.977
0.99929 0.0103598 0.0362241 -0.669217 -0.0112094 0.999665 0.0233313 -2.86354 -0.0359702 -0.0237208 0.999071 158.225
0.999312 0.00939806 0.0358844 -0.683711 -0.0103116 0.999625 0.0253589 -2.8676 -0.0356327 -0.0257115 0.999034 158.523
0.999397 0.00601545 0.0341876 -0.662093 -0.00690684 0.999638 0.0260154 -2.84342 -0.0340187 -0.0262359 0.999077 158.723
0.999324 0.00592271 0.0362874 -0.678269 -0.00687657 0.999633 0.0262182 -2.84426 -0.0361188 -0.02645 0.998997 159.017
0.999241 0.00513156 0.0386072 -0.700159 -0.00616764 0.999623 0.0267654 -2.84714 -0.0384553 -0.0269832 0.998896 159.298
0.999211 0.00444728 0.0394621 -0.699469 -0.00550069 0.99963 0.0266259 -2.84351 -0.0393291 -0.026822 0.998866 159.537
0.999165 0.0030884 0.0407363 -0.707473 -0.00416691 0.999642 0.0264173 -2.85311 -0.0406401 -0.026565 0.998821 159.795
0.999103 0.00145089 0.0423121 -0.726115 -0.00244376 0.999723 0.0234233 -2.84329 -0.0422664 -0.0235057 0.99883 160.089
0.999071 -0.00207641 0.0430529 -0.743989 0.00110119 0.999743 0.0226631 -2.83661 -0.0430889 -0.0225947 0.998816 160.365
0.999098 -0.000716877 0.0424514 -0.760585 -0.000237231 0.999748 0.022466 -2.84622 -0.0424567 -0.0224558 0.998846 160.629
0.999149 0.000321951 0.0412348 -0.773832 -0.00125014 0.999746 0.0224859 -2.83339 -0.0412171 -0.0225184 0.998896 160.887
0.999099 -0.000448317 0.0424333 -0.779101 -0.000679904 0.999647 0.02657 -2.83484 -0.0424302 -0.0265749 0.998746 161.105
0.999082 -0.00365186 0.0426811 -0.77833 0.00238458 0.999556 0.029705 -2.82506 -0.0427707 -0.029576 0.998647 161.355
0.99897 -0.00647379 0.0449023 -0.800473 0.00507024 0.999497 0.0313015 -2.82409 -0.0450823 -0.0310416 0.998501 161.608
0.998907 -0.00722519 0.0461842 -0.810558 0.00583217 0.999526 0.0302263 -2.82455 -0.0463807 -0.0299239 0.998476 161.86
0.998911 -0.00868492 0.0458499 -0.792139 0.00728711 0.999506 0.0305662 -2.82441 -0.0460928 -0.0301988 0.998481 162.087
0.998851 -0.00797231 0.0472604 -0.795695 0.00648754 0.999483 0.0314873 -2.82753 -0.047487 -0.0311445 0.998386 162.326
0.998762 -0.00827524 0.0490606 -0.807795 0.00669246 0.999455 0.0323386 -2.83255 -0.0493015 -0.0319702 0.998272 162.574
0.998671 -0.00584056 0.0512154 -0.826908 0.00418297 0.999466 0.0324127 -2.84082 -0.0513773 -0.0321554 0.998162 162.825
0.998588 -0.00617098 0.0527628 -0.830061 0.0044978 0.999485 0.0317714 -2.83371 -0.0529317 -0.0314893 0.998102 163.064
0.998486 -0.00936558 0.0541999 -0.833231 0.00752775 0.999393 0.0340137 -2.82647 -0.0544856 -0.0335542 0.997951 163.304
0.998405 -0.00969175 0.055626 -0.836479 0.00774835 0.999356 0.0350469 -2.8244 -0.0559298 -0.03456 0.997836 163.536
0.99833 -0.012646 0.0563654 -0.84144 0.0107565 0.999374 0.0337013 -2.81399 -0.0567564 -0.0330387 0.997841 163.787
0.998305 -0.00960254 0.0574096 -0.843611 0.00767412 0.999402 0.0337173 -2.81127 -0.0576991 -0.0332196 0.997781 164.029
0.998284 -0.00965446 0.0577599 -0.844716 0.00782694 0.999464 0.031783 -2.80546 -0.0580358 -0.0312764 0.997824 164.274
0.998252 -0.00826979 0.0585135 -0.853515 0.0065676 0.999551 0.0292234 -2.80424 -0.0587289 -0.028788 0.997859 164.512
0.998308 -0.00874949 0.0574866 -0.845514 0.0070316 0.999525 0.0300179 -2.79704 -0.0577219 -0.0295629 0.997895 164.747
0.998254 -0.00662709 0.0586981 -0.869888 0.00463394 0.99941 0.0340272 -2.80639 -0.0588889 -0.0336958 0.997696 165.011
0.998302 -0.00939408 0.0574917 -0.864699 0.00728282 0.999295 0.0368227 -2.78698 -0.0577971 -0.0363415 0.997667 165.256
0.998291 -0.0100531 0.0575617 -0.873579 0.00801018 0.999334 0.0356123 -2.77941 -0.0578813 -0.0350904 0.997707 165.494
0.998296 -0.0128179 0.0569312 -0.879521 0.0108698 0.999349 0.0343969 -2.77073 -0.057335 -0.0337194 0.997785 165.723
0.998253 -0.0228807 0.0544649 -0.872281 0.0208373 0.999068 0.0377934 -2.78576 -0.0552789 -0.0365925 0.9978 165.945
0.997977 -0.0335846 0.0539885 -0.879219 0.031394 0.998669 0.0409245 -2.80449 -0.0552911 -0.0391468 0.997703 166.225
0.997901 -0.0345181 0.0547964 -0.895238 0.0324402 0.998737 0.0383669 -2.77687 -0.0560516 -0.0365088 0.99776 166.581
0.997849 -0.0338237 0.0561621 -0.906361 0.0318225 0.99884 0.036152 -2.75655 -0.0573197 -0.034287 0.997767 166.89
0.997635 -0.0401893 0.0557542 -0.90789 0.0381539 0.998583 0.0371032 -2.76399 -0.0571663 -0.0348883 0.997755 167.158
0.99761 -0.0390674 0.0569833 -0.907961 0.0371918 0.998743 0.033613 -2.70655 -0.0582249 -0.0314134 0.997809 167.459
0.997615 -0.0342916 0.0598991 -0.934643 0.0323828 0.998945 0.0325521 -2.71139 -0.0609522 -0.0305348 0.997674 167.783
0.997377 -0.0407545 0.059824 -0.930223 0.0388741 0.998723 0.0322661 -2.70226 -0.0610626 -0.0298559 0.997687 168.078
0.997122 -0.0474945 0.0590908 -0.921318 0.0455569 0.998393 0.0337178 -2.70076 -0.0605972 -0.0309287 0.997683 168.323
0.997132 -0.050883 0.0560269 -0.868823 0.0491051 0.998259 0.0326656 -2.6933 -0.0575915 -0.0298207 0.997895 168.673
0.997064 -0.0527886 0.0554679 -0.855191 0.051625 0.99842 0.0222064 -2.56977 -0.0565525 -0.0192776 0.998213 168.933
0.996641 -0.0574778 0.0583297 -0.885814 0.0562464 0.998162 0.02254 -2.54612 -0.059518 -0.0191834 0.998043 169.215
0.996134 -0.063414 0.0607867 -0.916295 0.0622511 0.997843 0.0208402 -2.50349 -0.0619771 -0.0169756 0.997933 169.451
0.996056 -0.0625689 0.0629085 -0.933229 0.0612768 0.997872 0.022266 -2.54937 -0.0641678 -0.0183233 0.997771 169.751
0.99607 -0.0602852 0.0648865 -0.938594 0.059126 0.998057 0.019641 -2.51633 -0.0659445 -0.0157274 0.997699 169.982
0.995744 -0.0622501 0.0679585 -0.965965 0.0609193 0.997911 0.0214836 -2.52721 -0.0691539 -0.0172522 0.997457 170.269
0.995355 -0.0630364 0.0727633 -1.01203 0.0616504 0.997874 0.0211418 -2.51473 -0.0739413 -0.0165577 0.997125 170.55
0.995781 -0.0605433 0.0689503 -0.939997 0.0589311 0.997944 0.0251829 -2.56664 -0.0703332 -0.0210134 0.997302 170.747
0.9957 -0.0607318 0.0699475 -0.927996 0.0593337 0.997998 0.0218974 -2.5388 -0.0711373 -0.017653 0.99731 170.997
0.995629 -0.0600201 0.0715585 -0.931964 0.0585325 0.998027 0.022709 -2.54865 -0.0727803 -0.0184212 0.997178 171.258
0.995509 -0.0612275 0.0722056 -0.923107 0.0597099 0.997951 0.0229948 -2.55315 -0.0734656 -0.0185801 0.997125 171.54
0.995546 -0.0590234 0.0735111 -0.915621 0.0574658 0.99808 0.0231281 -2.55363 -0.0747351 -0.0188007 0.997026 171.777
0.995633 -0.0551227 0.0753423 -0.910505 0.0534627 0.998284 0.0238766 -2.55715 -0.0765292 -0.0197443 0.996872 172.03
0.995565 -0.0554107 0.0760246 -0.896052 0.0537946 0.998284 0.0231451 -2.55727 -0.0771766 -0.0189528 0.996837 172.314
0.995335 -0.0566703 0.0780752 -0.902039 0.0550788 0.998231 0.0223914 -2.54795 -0.079206 -0.0179867 0.996696 172.558
0.995118 -0.0588854 0.0792064 -0.895508 0.0573484 0.998122 0.0215444 -2.53125 -0.0803262 -0.0168968 0.996625 172.793
0.995041 -0.0586481 0.0803351 -0.891374 0.056989 0.998115 0.022793 -2.53194 -0.0815204 -0.0181017 0.996507 173.037
0.995042 -0.0584553 0.0804649 -0.874723 0.0567289 0.998111 0.0235787 -2.53542 -0.0816912 -0.0188971 0.996479 173.286
0.995122 -0.0559296 0.0812622 -0.859489 0.0541761 0.998252 0.0236267 -2.5409 -0.0824416 -0.019109 0.996413 173.528
0.994922 -0.056695 0.0831575 -0.861218 0.0547719 0.99818 0.0252302 -2.55473 -0.0844366 -0.0205474 0.996217 173.804
